0000000000000000000000000000000000000000000000000
0000000000000000000000000000000000000000000000000
0000000000000000000000000000000000000000000000000
0000000000000000000000000000000000000000000000000
0000000000000000000000000000000000000000000000000
0000000000000000000000000000000000000000000000000
0000000000000000000000000000000000000000000000000
0000f0000ff000000f00000fff00f00ff00ff00fff0000000
0000f000f00f0000f0f0000f00f0000f0f00f0f00f0000000
0000f000f00f000fffff000f00f0f00f00f0f00fff0000000
0000fff00ff000f00000f00fff00f00ff00ff0000f00f0f0f
000000000000000000000000000000000000000ff00000000
0000000000000000000000000000000000000000000000000
0000000000000000000000000000000000000000000000000
0000000000000000000000000000000000000000000000000
0000000000000000000000000000000000000000000000000
0000000000000000000000000000000000000000000000000
0000000000000000000000000000000000000000000000000
